---------------------------------------------------------------------------
Pearson's correlation coefficient
---------------------------------------------------------------------------
       Var1   Var2   Var3   Var4   Var5   Var6   Var7   Var8   Var9
Var1  1.000  0.873  0.851  0.867  0.859 -0.625  0.909  0.775  0.924
Var2  0.873  1.000  0.760  0.810  0.754 -0.371  0.717  0.787  0.862
Var3  0.851  0.760  1.000  0.882  0.774 -0.553  0.829  0.817  0.759
Var4  0.867  0.810  0.882  1.000  0.745 -0.464  0.785  0.703  0.759
Var5  0.859  0.754  0.774  0.745  1.000 -0.697  0.781  0.778  0.821
Var6 -0.625 -0.371 -0.553 -0.464 -0.697  1.000 -0.656 -0.464 -0.552
Var7  0.909  0.717  0.829  0.785  0.781 -0.656  1.000  0.787  0.842
Var8  0.775  0.787  0.817  0.703  0.778 -0.464  0.787  1.000  0.727
Var9  0.924  0.862  0.759  0.759  0.821 -0.552  0.842  0.727  1.000
---------------------------------------------------------------------------
p-values for the correlation coefficients
---------------------------------------------------------------------------
         Var1      Var2     Var3     Var4     Var5      Var6      Var7     Var8      Var9
Var1 0.00e+00  1.24e-08 7.03e-08 2.12e-08 3.78e-08  8.36e-04  3.21e-10 5.40e-06  4.13e-11
Var2 1.24e-08 4.59e-178 1.04e-05 9.37e-07 1.33e-05  6.81e-02  5.49e-05 3.00e-06  3.19e-08
Var3 7.03e-08  1.04e-05 0.00e+00 5.55e-09 5.56e-06  4.13e-03  3.01e-07 6.26e-07  1.10e-05
Var4 2.12e-08  9.37e-07 5.55e-09 0.00e+00 1.94e-05  1.93e-02  3.40e-06 8.98e-05  1.08e-05
Var5 3.78e-08  1.33e-05 5.56e-06 1.94e-05 0.00e+00  1.09e-04  4.07e-06 4.64e-06  5.09e-07
Var6 8.36e-04  6.81e-02 4.13e-03 1.93e-02 1.09e-04 1.59e-181  3.65e-04 1.94e-02  4.23e-03
Var7 3.21e-10  5.49e-05 3.01e-07 3.40e-06 4.07e-06  3.65e-04 4.59e-178 3.05e-06  1.29e-07
Var8 5.40e-06  3.00e-06 6.26e-07 8.98e-05 4.64e-06  1.94e-02  3.05e-06 0.00e+00  3.83e-05
Var9 4.13e-11  3.19e-08 1.10e-05 1.08e-05 5.09e-07  4.23e-03  1.29e-07 3.83e-05 1.59e-181



